0,461
0,460
0,459
0,458
0,457
0,456
0,455
0,454
0,453
45,5
45,4
45,3
45,2
45,1
45,0
0,452
44,5
44,4
44,3
44,2
44,1
44,0
0,451
0,450
0,449
0,448
0,447
43,4
43,3
43,2
43,1
43,0
0,446
0,445
0,444
0,443
0,442
42,4
42,3
42,2
42,1
42,0
0,441
0,440
41,5
0,439
0,438
0,437
0,436
0,435
0,434
0,433
0,432
0,431
0,430
0,429
0,273
0,270
41,4
41,3
41,2
0,428
41,1
41,0
0,427
0,426
40,3
40,2
0,425
40,1
40,0
0,424
0,423
0,422
0,421
39,4
0,420
0,419
0,418
39,3
39,2
0,417
39,1
39,0
0,416
0,415
0,414
0,413
38,4
0,412
0,411
0,410
38,3
38,2
0,409
38,1
38,0
0,408
0,407
0,406
0,405
37,4
0,404
0,403
0,402
37,3
37,2
0,401
37,1
37,0
0,400
0,399
0,398
0,397
